https://www.falstad.com/circuit/

$ 1 0.000005 69.34413510434165 34 5 50 5e-11
r 176 -16 176 -48 0 10
g 176 -96 176 -128 0 0
209 80 176 80 224 0 0.1 11.44439385580697 16 1
209 368 176 368 224 0 0.1 11.300131066893938 16 1
w 224 96 224 112 0
w 176 -48 176 -96 0
f 208 32 208 64 32 1.5 0.02
w 224 64 224 96 0
w 192 64 176 64 0
w 176 64 176 -16 0
R 208 32 208 -16 0 0 40 24 0 0 0.5
w 224 176 224 112 0
w 368 176 224 176 0
w 80 224 112 224 0
w 112 224 224 224 0
w 224 224 224 272 0
w 144 176 80 176 0
w 80 112 80 176 0
w 80 80 320 80 0
f 256 256 288 256 32 1.5 0.02
w 224 272 224 320 0
w 224 320 224 336 0
g 224 336 224 352 0 0
w 288 272 288 320 0
w 288 320 224 320 0
w 320 240 320 224 0
w 256 256 144 256 0
R 32 96 -32 96 0 0 40 55 0 0 0.5
R 144 256 80 256 0 0 40 0 0 0 0.5
w 320 80 416 80 0
w 368 224 432 224 0
w 432 224 432 80 0
w 432 80 416 80 0
w 320 224 368 224 0
w 160 176 144 176 0
w 320 240 288 240 0
w 160 144 160 176 0
f 128 112 160 112 32 1.5 0.02
w 160 128 160 144 0
w 160 96 224 96 0
w 128 112 112 112 0
f 32 96 80 96 40 1.5 0.02
w 112 112 112 144 0
w 112 144 112 240 0
w 112 240 144 240 0
w 144 240 144 256 0
o 3 64 0 4099 20 1.6 0 2 3 3
o 2 64 0 4099 20 1.6 1 2 2 3